%YAML:1.0
---
camera_matrix: !!opencv-matrix
   rows: 3
   cols: 3
   dt: d
   data: [ 2.1527057409117147e+03, 0., 1.9174266390892310e+03, 0.,
       2.1544737610370553e+03, 1.0564738585607156e+03, 0., 0., 1. ]
dist_coeff: !!opencv-matrix
   rows: 1
   cols: 5
   dt: d
   data: [ -3.0118919242596986e-01, 9.9240457941435448e-02,
       -4.7833200079375920e-05, 1.0323657963533402e-03,
       -1.4037126719025579e-02 ]
